    0.10000E-03    0.14739E+02
    0.10202E-03    0.15026E+02
    0.10408E-03    0.15318E+02
    0.10618E-03    0.15616E+02
    0.10833E-03    0.15920E+02
    0.11052E-03    0.16230E+02
    0.11275E-03    0.16546E+02
    0.11503E-03    0.16869E+02
    0.11735E-03    0.17197E+02
    0.11972E-03    0.17532E+02
    0.12214E-03    0.17873E+02
    0.12461E-03    0.18221E+02
    0.12712E-03    0.18576E+02
    0.12969E-03    0.18937E+02
    0.13231E-03    0.19306E+02
    0.13499E-03    0.19682E+02
    0.13771E-03    0.20065E+02
    0.14049E-03    0.20455E+02
    0.14333E-03    0.20854E+02
    0.14623E-03    0.21259E+02
    0.14918E-03    0.21673E+02
    0.15220E-03    0.22095E+02
    0.15527E-03    0.22525E+02
    0.15841E-03    0.22963E+02
    0.16161E-03    0.23410E+02
    0.16487E-03    0.23866E+02
    0.16820E-03    0.24330E+02
    0.17160E-03    0.24804E+02
    0.17507E-03    0.25286E+02
    0.17860E-03    0.25778E+02
    0.18221E-03    0.26280E+02
    0.18589E-03    0.26791E+02
    0.18965E-03    0.27312E+02
    0.19348E-03    0.27844E+02
    0.19739E-03    0.28385E+02
    0.20138E-03    0.28937E+02
    0.20544E-03    0.29500E+02
    0.20959E-03    0.30074E+02
    0.21383E-03    0.30659E+02
    0.21815E-03    0.31255E+02
    0.22255E-03    0.31863E+02
    0.22705E-03    0.32482E+02
    0.23164E-03    0.33114E+02
    0.23632E-03    0.33758E+02
    0.24109E-03    0.34414E+02
    0.24596E-03    0.35083E+02
    0.25093E-03    0.35765E+02
    0.25600E-03    0.36460E+02
    0.26117E-03    0.37169E+02
    0.26645E-03    0.37891E+02
    0.27183E-03    0.38627E+02
    0.27732E-03    0.39378E+02
    0.28292E-03    0.40143E+02
    0.28864E-03    0.40922E+02
    0.29447E-03    0.41717E+02
    0.30042E-03    0.42527E+02
    0.30649E-03    0.43353E+02
    0.31268E-03    0.44195E+02
    0.31899E-03    0.45053E+02
    0.32544E-03    0.45927E+02
    0.33201E-03    0.46818E+02
    0.33872E-03    0.47727E+02
    0.34556E-03    0.48653E+02
    0.35254E-03    0.49597E+02
    0.35966E-03    0.50559E+02
    0.36693E-03    0.51539E+02
    0.37434E-03    0.52538E+02
    0.38190E-03    0.53557E+02
    0.38962E-03    0.54595E+02
    0.39749E-03    0.55653E+02
    0.40552E-03    0.56731E+02
    0.41371E-03    0.57830E+02
    0.42207E-03    0.58950E+02
    0.43060E-03    0.60091E+02
    0.43929E-03    0.61254E+02
    0.44817E-03    0.62440E+02
    0.45722E-03    0.63648E+02
    0.46646E-03    0.64879E+02
    0.47588E-03    0.66133E+02
    0.48550E-03    0.67412E+02
    0.49530E-03    0.68714E+02
    0.50531E-03    0.70042E+02
    0.51552E-03    0.71394E+02
    0.52593E-03    0.72773E+02
    0.53656E-03    0.74177E+02
    0.54739E-03    0.75608E+02
    0.55845E-03    0.77066E+02
    0.56973E-03    0.78552E+02
    0.58124E-03    0.80066E+02
    0.59299E-03    0.81608E+02
    0.60496E-03    0.83179E+02
    0.61719E-03    0.84780E+02
    0.62965E-03    0.86410E+02
    0.64237E-03    0.88072E+02
    0.65535E-03    0.89764E+02
    0.66859E-03    0.91488E+02
    0.68210E-03    0.93244E+02
    0.69588E-03    0.95033E+02
    0.70993E-03    0.96855E+02
    0.72427E-03    0.98710E+02
    0.73891E-03    0.10060E+03
    0.75383E-03    0.10253E+03
    0.76906E-03    0.10449E+03
    0.78460E-03    0.10648E+03
    0.80045E-03    0.10852E+03
    0.81662E-03    0.11059E+03
    0.83311E-03    0.11270E+03
    0.84994E-03    0.11484E+03
    0.86711E-03    0.11703E+03
    0.88463E-03    0.11925E+03
    0.90250E-03    0.12152E+03
    0.92073E-03    0.12383E+03
    0.93933E-03    0.12618E+03
    0.95831E-03    0.12857E+03
    0.97767E-03    0.13100E+03
    0.99742E-03    0.13348E+03
    0.10176E-02    0.13600E+03
    0.10381E-02    0.13856E+03
    0.10591E-02    0.14117E+03
    0.10805E-02    0.14383E+03
    0.11023E-02    0.14653E+03
    0.11246E-02    0.14928E+03
    0.11473E-02    0.15208E+03
    0.11705E-02    0.15493E+03
    0.11941E-02    0.15783E+03
    0.12182E-02    0.16077E+03
    0.12429E-02    0.16377E+03
    0.12680E-02    0.16682E+03
    0.12936E-02    0.16992E+03
    0.13197E-02    0.17307E+03
    0.13464E-02    0.17627E+03
    0.13736E-02    0.17953E+03
    0.14013E-02    0.18284E+03
    0.14296E-02    0.18621E+03
    0.14585E-02    0.18964E+03
    0.14880E-02    0.19312E+03
    0.15180E-02    0.19665E+03
    0.15487E-02    0.20025E+03
    0.15800E-02    0.20390E+03
    0.16119E-02    0.20761E+03
    0.16445E-02    0.21138E+03
    0.16777E-02    0.21520E+03
    0.17116E-02    0.21909E+03
    0.17462E-02    0.22304E+03
    0.17814E-02    0.22705E+03
    0.18174E-02    0.23113E+03
    0.18541E-02    0.23526E+03
    0.18916E-02    0.23946E+03
    0.19298E-02    0.24372E+03
    0.19688E-02    0.24805E+03
    0.20086E-02    0.25244E+03
    0.20491E-02    0.25689E+03
    0.20905E-02    0.26141E+03
    0.21328E-02    0.26599E+03
    0.21758E-02    0.27064E+03
    0.22198E-02    0.27536E+03
    0.22646E-02    0.28014E+03
    0.23104E-02    0.28499E+03
    0.23571E-02    0.28991E+03
    0.24047E-02    0.29489E+03
    0.24533E-02    0.29994E+03
    0.25028E-02    0.30506E+03
    0.25534E-02    0.31024E+03
    0.26050E-02    0.31550E+03
    0.26576E-02    0.32082E+03
    0.27113E-02    0.32621E+03
    0.27660E-02    0.33166E+03
    0.28219E-02    0.33719E+03
    0.28789E-02    0.34278E+03
    0.29371E-02    0.34844E+03
    0.29964E-02    0.35416E+03
    0.30569E-02    0.35996E+03
    0.31187E-02    0.36582E+03
    0.31817E-02    0.37174E+03
    0.32460E-02    0.37773E+03
    0.33115E-02    0.38379E+03
    0.33784E-02    0.38991E+03
    0.34467E-02    0.39610E+03
    0.35163E-02    0.40235E+03
    0.35874E-02    0.40866E+03
    0.36598E-02    0.41503E+03
    0.37338E-02    0.42147E+03
    0.38092E-02    0.42796E+03
    0.38861E-02    0.43451E+03
    0.39646E-02    0.44112E+03
    0.40447E-02    0.44779E+03
    0.41264E-02    0.45451E+03
    0.42098E-02    0.46129E+03
    0.42948E-02    0.46812E+03
    0.43816E-02    0.47500E+03
    0.44701E-02    0.48193E+03
    0.45604E-02    0.48891E+03
    0.46525E-02    0.49593E+03
    0.47465E-02    0.50299E+03
    0.48424E-02    0.51010E+03
    0.49402E-02    0.51725E+03
    0.50400E-02    0.52443E+03
    0.51419E-02    0.53165E+03
    0.52457E-02    0.53890E+03
    0.53517E-02    0.54618E+03
    0.54598E-02    0.55349E+03
    0.55701E-02    0.56082E+03
    0.56826E-02    0.56817E+03
    0.57974E-02    0.57554E+03
    0.59145E-02    0.58292E+03
    0.60340E-02    0.59032E+03
    0.61559E-02    0.59772E+03
    0.62803E-02    0.60512E+03
    0.64072E-02    0.61252E+03
    0.65366E-02    0.61993E+03
    0.66686E-02    0.62732E+03
    0.68033E-02    0.63469E+03
    0.69408E-02    0.64205E+03
    0.70810E-02    0.64939E+03
    0.72240E-02    0.65670E+03
    0.73700E-02    0.66399E+03
    0.75189E-02    0.67123E+03
    0.76708E-02    0.67843E+03
    0.78257E-02    0.68559E+03
    0.79838E-02    0.69269E+03
    0.81451E-02    0.69973E+03
    0.83096E-02    0.70671E+03
    0.84775E-02    0.71362E+03
    0.86488E-02    0.72044E+03
    0.88235E-02    0.72719E+03
    0.90017E-02    0.73383E+03
    0.91836E-02    0.74038E+03
    0.93691E-02    0.74683E+03
    0.95583E-02    0.75316E+03
    0.97514E-02    0.75937E+03
    0.99484E-02    0.76545E+03
    0.10149E-01    0.77139E+03
    0.10354E-01    0.77720E+03
    0.10564E-01    0.78286E+03
    0.10777E-01    0.78836E+03
    0.10995E-01    0.79369E+03
    0.11217E-01    0.79886E+03
    0.11443E-01    0.80385E+03
    0.11675E-01    0.80866E+03
    0.11910E-01    0.81327E+03
    0.12151E-01    0.81767E+03
    0.12397E-01    0.82184E+03
    0.12647E-01    0.82578E+03
    0.12902E-01    0.82946E+03
    0.13163E-01    0.83288E+03
    0.13429E-01    0.83602E+03
    0.13700E-01    0.83887E+03
    0.13977E-01    0.84141E+03
    0.14259E-01    0.84363E+03
    0.14547E-01    0.84555E+03
    0.14841E-01    0.84715E+03
    0.15141E-01    0.84845E+03
    0.15447E-01    0.84946E+03
    0.15759E-01    0.85019E+03
    0.16077E-01    0.85063E+03
    0.16402E-01    0.85080E+03
    0.16734E-01    0.85071E+03
    0.17072E-01    0.85036E+03
    0.17416E-01    0.84976E+03
    0.17768E-01    0.84889E+03
    0.18127E-01    0.84770E+03
    0.18493E-01    0.84616E+03
    0.18867E-01    0.84425E+03
    0.19248E-01    0.84192E+03
    0.19637E-01    0.83916E+03
    0.20034E-01    0.83592E+03
    0.20438E-01    0.83219E+03
    0.20851E-01    0.82792E+03
    0.21272E-01    0.82311E+03
    0.21702E-01    0.81777E+03
    0.22141E-01    0.81193E+03
    0.22588E-01    0.80561E+03
    0.23044E-01    0.79883E+03
    0.23510E-01    0.79163E+03
    0.23985E-01    0.78403E+03
    0.24469E-01    0.77606E+03
    0.24964E-01    0.76774E+03
    0.25468E-01    0.75911E+03
    0.25982E-01    0.75018E+03
    0.26507E-01    0.74099E+03
    0.27043E-01    0.73156E+03
    0.27589E-01    0.72193E+03
    0.28146E-01    0.71212E+03
    0.28715E-01    0.70216E+03
    0.29295E-01    0.69207E+03
    0.29887E-01    0.68188E+03
    0.30490E-01    0.67162E+03
    0.31106E-01    0.66130E+03
    0.31735E-01    0.65094E+03
    0.32376E-01    0.64055E+03
    0.33030E-01    0.63012E+03
    0.33697E-01    0.61964E+03
    0.34378E-01    0.60910E+03
    0.35072E-01    0.59852E+03
    0.35781E-01    0.58787E+03
    0.36504E-01    0.57717E+03
    0.37241E-01    0.56640E+03
    0.37993E-01    0.55557E+03
    0.38761E-01    0.54470E+03
    0.39544E-01    0.53384E+03
    0.40343E-01    0.52307E+03
    0.41158E-01    0.51246E+03
    0.41989E-01    0.50208E+03
    0.42838E-01    0.49198E+03
    0.43703E-01    0.48222E+03
    0.44586E-01    0.47285E+03
    0.45486E-01    0.46391E+03
    0.46405E-01    0.45544E+03
    0.47343E-01    0.44748E+03
    0.48299E-01    0.43998E+03
    0.49275E-01    0.43289E+03
    0.50270E-01    0.42618E+03
    0.51286E-01    0.41980E+03
    0.52322E-01    0.41370E+03
    0.53379E-01    0.40786E+03
    0.54457E-01    0.40223E+03
    0.55557E-01    0.39678E+03
    0.56680E-01    0.39149E+03
    0.57825E-01    0.38631E+03
    0.58993E-01    0.38120E+03
    0.60184E-01    0.37609E+03
    0.61400E-01    0.37096E+03
    0.62641E-01    0.36574E+03
    0.63906E-01    0.36040E+03
    0.65197E-01    0.35489E+03
    0.66514E-01    0.34917E+03
    0.67858E-01    0.34322E+03
    0.69229E-01    0.33700E+03
    0.70627E-01    0.33048E+03
    0.72054E-01    0.32367E+03
    0.73510E-01    0.31655E+03
    0.74994E-01    0.30914E+03
    0.76509E-01    0.30143E+03
    0.78055E-01    0.29344E+03
    0.79632E-01    0.28517E+03
    0.81241E-01    0.27664E+03
    0.82882E-01    0.26787E+03
    0.84556E-01    0.25888E+03
    0.86264E-01    0.24970E+03
    0.88007E-01    0.24050E+03
    0.89785E-01    0.23142E+03
    0.91598E-01    0.22260E+03
    0.93449E-01    0.21415E+03
    0.95337E-01    0.20618E+03
    0.97263E-01    0.19877E+03
    0.99227E-01    0.19198E+03
    0.10123E+00    0.18588E+03
    0.10328E+00    0.18051E+03
    0.10536E+00    0.17588E+03
    0.10749E+00    0.17187E+03
    0.10966E+00    0.16832E+03
    0.11188E+00    0.16509E+03
    0.11414E+00    0.16204E+03
    0.11644E+00    0.15906E+03
    0.11880E+00    0.15603E+03
    0.12120E+00    0.15286E+03
    0.12365E+00    0.14944E+03
    0.12614E+00    0.14568E+03
    0.12869E+00    0.14156E+03
    0.13129E+00    0.13714E+03
    0.13394E+00    0.13253E+03
    0.13665E+00    0.12784E+03
    0.13941E+00    0.12314E+03
    0.14223E+00    0.11853E+03
    0.14510E+00    0.11407E+03
    0.14803E+00    0.10980E+03
    0.15102E+00    0.10579E+03
    0.15407E+00    0.10208E+03
    0.15718E+00    0.98675E+02
    0.16036E+00    0.95540E+02
    0.16360E+00    0.92618E+02
    0.16690E+00    0.89858E+02
    0.17028E+00    0.87215E+02
    0.17371E+00    0.84649E+02
    0.17722E+00    0.82124E+02
    0.18080E+00    0.79609E+02
    0.18446E+00    0.77075E+02
    0.18818E+00    0.74499E+02
    0.19198E+00    0.71868E+02
    0.19586E+00    0.69210E+02
    0.19982E+00    0.66556E+02
    0.20386E+00    0.63937E+02
    0.20797E+00    0.61377E+02
    0.21218E+00    0.58899E+02
    0.21646E+00    0.56520E+02
    0.22083E+00    0.54256E+02
    0.22530E+00    0.52117E+02
    0.22985E+00    0.50115E+02
    0.23449E+00    0.48252E+02
    0.23923E+00    0.46513E+02
    0.24406E+00    0.44879E+02
    0.24899E+00    0.43334E+02
    0.25402E+00    0.41863E+02
    0.25915E+00    0.40453E+02
    0.26439E+00    0.39092E+02
    0.26973E+00    0.37770E+02
    0.27518E+00    0.36477E+02
    0.28074E+00    0.35206E+02
    0.28641E+00    0.33951E+02
    0.29219E+00    0.32715E+02
    0.29810E+00    0.31500E+02
    0.30412E+00    0.30312E+02
    0.31026E+00    0.29152E+02
    0.31653E+00    0.28023E+02
    0.32292E+00    0.26927E+02
    0.32945E+00    0.25865E+02
    0.33610E+00    0.24840E+02
    0.34289E+00    0.23851E+02
    0.34982E+00    0.22900E+02
    0.35689E+00    0.21986E+02
    0.36409E+00    0.21106E+02
    0.37145E+00    0.20261E+02
    0.37895E+00    0.19448E+02
    0.38661E+00    0.18666E+02
    0.39442E+00    0.17915E+02
    0.40239E+00    0.17192E+02
    0.41052E+00    0.16498E+02
    0.41881E+00    0.15831E+02
    0.42727E+00    0.15190E+02
    0.43590E+00    0.14574E+02
    0.44471E+00    0.13982E+02
    0.45369E+00    0.13412E+02
    0.46286E+00    0.12864E+02
    0.47221E+00    0.12338E+02
    0.48174E+00    0.11831E+02
    0.49148E+00    0.11344E+02
    0.50141E+00    0.10875E+02
    0.51153E+00    0.10424E+02
    0.52187E+00    0.99906E+01
    0.53241E+00    0.95733E+01
    0.54317E+00    0.91721E+01
    0.55414E+00    0.87864E+01
    0.56533E+00    0.84158E+01
    0.57675E+00    0.80598E+01
    0.58840E+00    0.77180E+01
    0.60029E+00    0.73898E+01
    0.61242E+00    0.70748E+01
    0.62479E+00    0.67725E+01
    0.63741E+00    0.64826E+01
    0.65029E+00    0.62045E+01
    0.66342E+00    0.59378E+01
    0.67683E+00    0.56820E+01
    0.69050E+00    0.54367E+01
    0.70445E+00    0.52015E+01
    0.71868E+00    0.49759E+01
    0.73320E+00    0.47597E+01
    0.74801E+00    0.45524E+01
    0.76312E+00    0.43537E+01
    0.77854E+00    0.41632E+01
    0.79426E+00    0.39806E+01
    0.81031E+00    0.38057E+01
    0.82668E+00    0.36380E+01
    0.84338E+00    0.34775E+01
    0.86041E+00    0.33237E+01
    0.87780E+00    0.31764E+01
    0.89553E+00    0.30353E+01
    0.91362E+00    0.29003E+01
    0.93208E+00    0.27710E+01
    0.95091E+00    0.26472E+01
    0.97011E+00    0.25288E+01
    0.98971E+00    0.24154E+01
    0.10097E+01    0.23070E+01
    0.10301E+01    0.22032E+01
    0.10509E+01    0.21039E+01
    0.10721E+01    0.20089E+01
    0.10938E+01    0.19181E+01
    0.11159E+01    0.18312E+01
    0.11384E+01    0.17481E+01
    0.11614E+01    0.16686E+01
    0.11849E+01    0.15926E+01
    0.12088E+01    0.15199E+01
    0.12333E+01    0.14505E+01
    0.12582E+01    0.13841E+01
    0.12836E+01    0.13206E+01
    0.13095E+01    0.12600E+01
    0.13360E+01    0.12020E+01
    0.13630E+01    0.11467E+01
    0.13905E+01    0.10938E+01
    0.14186E+01    0.10433E+01
    0.14472E+01    0.99502E+00
    0.14765E+01    0.94893E+00
    0.15063E+01    0.90490E+00
    0.15367E+01    0.86286E+00
    0.15678E+01    0.82270E+00
    0.15994E+01    0.78435E+00
    0.16318E+01    0.74773E+00
    0.16647E+01    0.71276E+00
    0.16984E+01    0.67937E+00
    0.17327E+01    0.64749E+00
    0.17677E+01    0.61706E+00
    0.18034E+01    0.58802E+00
    0.18398E+01    0.56032E+00
    0.18770E+01    0.53389E+00
    0.19149E+01    0.50869E+00
    0.19536E+01    0.48466E+00
    0.19930E+01    0.46175E+00
    0.20333E+01    0.43992E+00
    0.20744E+01    0.41912E+00
